21.02984824	4.873362261	88.56
21.02176605	4.886889984	94.62
21.10258791	4.913269044	94.04
21.15916322	5.003904789	95.17
21.23998508	5.201409547	97.81
21.32888912	5.244021875	95.95
21.38546443	5.386062968	102.98
21.15916322	5.262960687	105.43
21.27231382	5.332628462	102.18
21.14299884	5.339392323	98.015
21.20765633	5.47196401	99.32
21.07025917	5.3258646	95.79
21.06217698	5.300161926	93.99
20.98943731	5.492931981	93.7
21.02176605	5.724256046	96.495
21.02176605	5.979930014	97.615
20.90826635	6.096268433	99.205
20.79476665	5.939346844	98.95
20.65694559	5.871708229	98.975
20.45426755	5.768897533	95.685
20.42994618	5.967755063	96.975
20.56776725	6.015102094	94.445
20.47048179	6.019160411	92.935
20.3975177	6.0685366	93.995
20.49480316	6.019836797	93.03
20.47858891	5.968431449	92.59
20.40562482	5.6532355	93.505
20.40562482	5.791218276	92.95
20.64883846	5.783101642	94.405
20.59208861	5.482786188	92.6
20.51912452	5.323159055	90.675
20.61640998	5.388092126	89.99
20.34076785	5.447614108	88.9
20.35698209	5.45437797	87.495
20.19483966	5.540955398	89.305
19.96784026	5.570716389	87.8
19.89487616	5.715463026	89.645
19.70841237	5.811509861	90.02
19.61923403	5.911615012	90.44
19.44898448	5.793923821	89.3
19.60301979	5.756046196	89.49
19.68409101	5.749282334	89.625
19.61923403	5.753340651	90.71
19.39223463	5.647824411	89.785
19.58680555	5.789865504	90.225
19.59491267	5.637002232	90.255
19.55437706	5.531485992	90.02
19.6435554	5.558541438	92.645
19.83812631	5.666763223	94.285
20.00026874	5.726285205	94.61
20.34887497	5.8926762	96.88
20.21916102	5.917026101	96.025
20.24348239	5.67082154	96.615
20.52723164	5.770926691	96.98
20.30023224	5.551777576	96.465
20.13808981	5.040429642	95.725
19.83001919	4.78205013	92.5
19.9840545	4.818574982	93.485
19.96784026	5.017432512	95.7
19.71651949	4.803694487	99.05
20.49480316	5.029607463	102.11
20.25158951	4.802341715	107.905
20.25969663	5.002552017	111.765
20.07323284	4.895683004	109.375
20.25969663	4.863216469	109.89
19.82191207	4.807752804	109.725
20.5110174	4.878096964	110
20.45426755	4.92814954	111.145
20.55966013	4.898388549	113.095
20.4380533	5.025549146	114.25
20.45426755	4.961968848	113.49
20.44616043	5.037724097	114.01
20.35698209	5.001199245	113.01
20.18673254	4.926796767	113.9
20.19483966	4.81722221	115.645
20.26780375	4.617011908	114.36
20.5110174	4.703589336	114.62
20.72990968	4.809105576	115.525
20.70551198	4.783402902	116.565
20.90069356	4.848335973	119.58
21.07961	5.079660039	119.59
20.93322382	5.079660039	120.805
21.02268204	5.37862272	127.725
20.94135638	5.370506086	128
20.90882612	5.381328265	130.405
21.06334487	5.511194407	129.6
21.20159848	5.486844505	133
20.98201921	5.37862272	138.635
20.99015178	5.451672425	144
20.97388665	5.416500345	143.95
20.68111429	5.173001329	140.13
20.63231889	5.129712614	145.47
20.74617481	4.943030035	146.56
20.65671659	4.994435383	139.78
20.74617481	5.093187762	143.155
20.68111429	4.844277656	141.25
20.5835235	4.856452607	141.375
20.62418633	4.86998033	139.175
20.54286067	5.022843602	137.4
20.36394423	5.137829248	138.72
20.36394423	5.182470735	140.15
20.42087219	5.087776673	143.35
20.45340245	5.121595981	143.92
20.38834192	5.21493727	144.65
20.5835235	5.260931529	144.855
20.36394423	5.108068257	148.625
20.37207679	5.018785285	152.05
20.38834192	5.047193503	151
20.40460706	4.920032906	146.36
20.20129292	4.979554888	147.075
20.09556956	4.937618946	145.625
20.31514883	5.137829248	147.855
20.087437	5.058015682	145.76
20.04677417	5.090482217	147.77
20.40460706	5.174354101	148.115
20.56725837	5.154062516	146.675
20.82750047	5.173001329	145.89
20.86816329	5.187881824	149.43
21.12027283	5.512547179	150.445
20.97388665	5.620768964	150.595
20.77870507	5.612652331	149.77
21.27479157	5.842623624	154.95
21.29918927	5.902145606	156
21.50250341	5.856151347	156.97
20.88442842	5.952198181	151.2
20.89256099	5.926495507	147.925
20.77057251	5.902145606	148.045
20.91695869	5.950845409	148.465
20.94135638	5.925142735	146.75
20.82750047	5.769573919	143.88
21.07961	5.783101642	145.805
21.80340834	5.842623624	149.595
22.16124122	5.846681941	148.65
22.21816918	5.777690553	148.865
22.57600207	5.815568178	146.175
22.06365043	5.769573919	145.625
22.24256688	5.92784828	145.785
21.91726425	5.868326298	142.84
22.17750635	5.952198181	142.025
21.99858991	6.236280367	144.86
22.12871096	6.450018393	142
21.81060564	6.256571952	142.825
21.98189312	6.37832146	142.55
21.87585801	6.263335814	139.995
21.79429255	6.199755515	140
21.94926693	6.205166604	137.005
21.91664075	6.187580564	139.79
21.86770147	6.191638881	141.285
22.04714549	6.230869278	141.295
21.99820621	6.187580564	141.79
22.14502405	6.201108287	144.225
22.16949369	6.299860666	143.635
22.33262462	6.34314938	143
22.18580679	6.257924724	143.125
22.03898895	6.252513635	144.225
22.02267585	6.601528892	143.555
21.90032765	6.585295624	147.435
21.70457054	6.734100579	147.695
21.6801009	6.941074743	149.545
21.70457054	6.953249694	154.87
21.59853543	6.874788899	155.84
21.45987414	6.71110345	151.5
21.42724795	6.74627553	151.31
21.26411702	6.92754702	150.1
21.20702119	7.120993461	151.895
21.07651645	7.195395938	153.955
20.79103732	7.049296528	155.95
20.66868912	7.020888309	155.685
20.61159329	7.19674871	157.68
20.61159329	7.283326138	157.14
20.66868912	7.229215246	156.97
20.93785515	6.90996098	153
21.15808191	7.080410291	154.81
20.98679443	7.252212375	158.23
20.79919386	7.364492477	159.34
20.37505344	7.271151187	155.5
20.12220049	7.139932273	155.355
20.17113977	6.993832863	156.375
20.05694812	6.939721971	156.495
19.95091301	6.813914145	155.325
19.91013028	6.978952368	153.05
19.82040827	6.662403646	150.485
20.05694812	7.269798415	148.72
20.12220049	7.304970495	148.07
20.00800884	7.229215246	152.5
20.04063503	7.062824251	151.64
20.46477545	7.432131093	154.35
20.22007905	7.594463771	151.6
20.21192251	7.529530699	169.95
20.472932	7.682393971	174.325
20.41583617	7.589052681	173.455
20.48108854	7.714860506	177.72
20.26901833	7.495711392	176.53
20.8236635	7.368550794	179.085
20.96232479	7.790615756	186.07
21.17439501	7.778440805	189.69
21.58222234	8.109870022	189.84
21.56590924	8.366896762	192.975
21.74535327	8.2722027	195.215
22.0308324	8.147747647	197.515
22.06345859	8.103106161	194.95
21.99004967	8.131514379	189.575
22.09608477	8.276261017	195.55
22.25105916	8.32496082	195.2
22.32446808	8.312785869	198.485
22.49575556	8.425065971	196.4
22.69208215	8.786256179	199.075
22.88022847	8.72808697	201.725
22.96203122	8.733498059	200.105
23.03565369	8.787608951	204.68
22.83114682	8.998641432	208.235
22.8393271	9.078454999	211.43
22.7084427	9.380123225	214.31
22.70026243	9.423411939	211.74
22.6430005	9.212379458	201.77
22.6430005	9.174501833	202.455
22.81478627	9.685849768	207.045
22.91294957	9.825185316	208.85
22.78206517	9.715610759	202.925
22.65118078	10.01727898	202.27
22.70026243	10.00375126	202.11
22.65118078	10.0213373	205.325
22.66754133	10.05515661	204.6
22.45485418	10.1336174	206.305
22.19308539	10.14308681	208.745
22.16036429	9.741313433	209.48
22.02129962	9.764310562	211.275
22.00493907	9.619563924	215.075
21.94767715	9.656088777	212.3
21.97221797	9.754841156	214.87
21.8658744	9.942876508	213.165
21.75135055	10.01322067	216.02
21.79225193	9.922584923	215.465
21.64500698	10.04162889	212.32
21.58774506	9.952345914	213.345
21.48958176	9.665558183	210.075
21.39141847	9.725080165	207.43
21.95585742	10.11197305	217.615
22.062201	10.14173404	222.62
22.07856154	10.06192047	225.62
22.01311935	10.32165276	232.83
21.97221797	10.28783345	233.45
22.08674182	10.93851693	234.88
22.32396979	11.34975971	235.815
22.20126567	11.40251783	231.815
22.24216704	11.57837824	233.125
22.07856154	11.45933427	233.555
21.94767715	11.15901882	222.455
22.10310237	10.69231237	218.225
21.60410561	10.29324454	199.73
21.55502396	10.50698256	213.75
21.49776204	10.28648068	221.515
21.59592533	10.03757057	216.5
21.67772808	9.784602147	217.135
22.73298352	9.744018977	216.745
22.90476929	10.14579235	213.41
23.02747342	10.21478374	216.33
22.93749039	10.20260879	200.89
22.6430005	9.753488384	198.02
22.52847666	9.719669076	190.775
22.22580649	9.104157673	192.55
22.03766017	9.144740842	183.96
22.01311935	9.308426292	184.54
21.80861248	8.786256179	179.385
21.8331533	9.105510445	181.305
21.58774506	8.753789644	172.85
21.8004322	9.150151932	171.66
22.062201	9.363889957	171.19
22.00474735	9.54651422	183.23
21.91446304	9.508636595	184.375
21.78314042	9.344951145	183.295
21.93087837	9.647972143	182.745
21.88163239	9.706141353	189.035
21.85700939	9.666910955	188.7
22.20173128	9.603330657	195.19
22.05399333	9.265137578	181.31
22.27560026	9.347656689	182.4
22.13606997	9.416648077	188.225
22.10323932	9.16097411	189.09
22.08682399	8.857953112	184.05
22.20993895	8.970233214	182.225
22.36588457	8.882303013	176.94
22.16069296	8.648273403	171.5
22.30022325	8.548168252	168.75
22.25097727	8.885008558	168.53
22.34946924	9.106863218	175.58
22.45616887	8.959411035	172.25
22.38229989	8.699678751	169.385
22.57107617	8.747025782	169.895
22.89117507	8.656390037	174.095
22.7680601	8.361485673	169.96
22.28380793	8.34254686	170.11
22.037578	8.138278241	170.945
22.16890063	8.111222794	182.9
22.16890063	8.05034804	184.845
22.07861632	7.942126255	188.6
22.17710829	8.431829833	197.49
22.34946924	8.48864627	194.22
22.33305391	8.484587953	195
22.62032215	8.475118547	194.85
22.68598346	8.274908244	202.17
22.7680601	9.091982722	203.995
22.62032215	9.637149965	205.59
22.36588457	9.440997979	203.08
22.39871522	9.28948748	208.19
22.2673926	9.197498963	204.83
22.32484625	9.024344106	204.475
22.21814661	8.991877571	201.08
22.02937034	8.767317367	203.41
22.34126157	8.958058263	202.12
22.18531596	8.880950241	205.25
22.18531596	9.148799159	207.5
22.28380793	9.068985593	218.55
22.25097727	8.894477964	220.25
22.25097727	8.951294401	213.58
22.2427696	9.21914332	212.985
22.36588457	9.38282877	210.015
19.82150871	9.522164318	208.97
19.936416	9.415295305	199.45
19.70660141	9.688555313	197.4
19.01715763	9.623622241	197.085
19.23876456	9.622269469	197.375
19.53424046	9.725080165	197.15
19.47678682	9.725080165	197.39
19.38650251	9.608741746	204.4
19.50961747	9.550572536	201.49
19.05819595	9.21914332	193.5
19.01715763	9.158268565	187.065
19.07461128	9.170443516	188.1
18.95925726	8.790314496	185.65
18.72854922	8.828192121	187.25
18.81094494	8.54681548	185.495
18.58847648	8.726734197	185.01
18.85214281	8.573870926	185.475
18.77798665	8.542757163	187.79
19.36299633	8.568459837	190.625
19.56074608	8.702384296	191.495
19.54426693	8.596868055	190.675
19.07461128	8.281672106	185.97
18.66263263	8.08552012	185.91
18.80270537	8.410185476	191.31
18.75326793	8.341194088	189.72
18.53903904	8.116633884	187.22
18.23417484	8.078756259	194.995
18.16001868	7.92183467	193.255
18.2176957	8.21944458	196.65
18.06114381	8.013823188	193.285
17.88811278	7.71080219	190.77
17.72332132	7.890720907	193.26
18.02818552	7.793321301	192.195
18.1847374	8.032762	195.5
18.20945612	7.786557439	195.35
18.5802369	7.737857636	194.07
18.58847648	7.774382488	193.585
19.01693427	7.827140609	201.065
18.85214281	8.059817447	199.975
18.53903904	7.958359523	202.43
18.80270537	7.98000388	202.11
18.83566366	7.768971399	201.16
19.08285085	7.578230503	203.055
19.33827761	7.977298335	208.905
19.19820487	7.747327042	209.665
19.52778779	7.839315559	211.6
19.23940274	7.71080219	210.73
19.34651718	7.544411195	211.595
19.19820487	7.494358619	210.225
19.36299633	7.440247727	209.1
19.03341341	7.528177927	212.28
18.65439306	7.164282175	208.625
18.34128929	7.06823534	204.415
18.36600801	6.854497315	201.75
18.52255989	7.084468608	203.945
18.73678879	7.156165541	201.525
19.2806006	7.318498218	199.5
18.82742409	8.184272499	193.56
19.66786053	8.21403349	195.055
19.77497497	8.308727552	195.45
19.95624558	8.37771894	194.68
20.07983917	8.640156769	192.75
19.66786053	8.57657647	191.2
19.9809643	8.872833607	194.06
19.82441241	9.193440646	193.3
19.7667354	9.087924405	187.755
20.02216216	9.220496092	183.615
19.94800601	9.413942533	187.695
20.01392259	9.239434904	186.925
19.95624558	9.091982722	188.975
20.05512045	8.76325905	190.5
20.13751618	8.602279144	188.47
20.15399533	8.667212215	187.1
20.12927661	8.610395778	184.25
20.21167234	8.649626175	184.715
20.35998465	8.989172026	190.485
20.4261422	9.19614619	193.86
20.4261422	9.14338807	192.9
21.32753875	9.186676784	191.68
21.60043863	9.004052522	188.65
21.18695397	9.147446387	189.145
21.22830244	9.105510445	186.715
21.28619029	9.173149061	186.865
21.37715691	9.300309658	186.63
21.45985385	9.060868959	190.475
21.36888722	8.993230343	189.475
21.33580845	9.058163414	190.375
21.25311152	9.17856015	189.265
21.36888722	9.250257083	189.3
21.17868428	9.6696165	192.18
21.17868428	9.473464515	190.07
21.0298298	9.848182446	189.245
21.17041458	9.810304821	188.925
21.42677507	9.807599276	192.045
21.44331446	9.825185316	195.95
21.48466293	10.03757057	203.285
21.77410219	10.03351225	201.99
22.20412623	10.02404285	204.94
22.15450807	9.995634628	207.345
22.21239593	9.97940136	201.905
22.47702611	10.18096443	198.5
22.2454747	10.09844532	203.425
22.04700206	9.875237892	201.89
22.28682317	10.24725028	201.99
22.4935655	10.49886593	203.435
22.69203813	10.33653325	201.46
22.65895936	10.41769959	201.79
22.61761089	10.41364127	200.95
22.62588059	10.12685354	200.72
22.63415028	10.0213373	202.02
23.10552279	10.1971977	207.85
23.08898341	10.12279523	205.905
23.04763494	10.04027611	210.25
22.92358954	10.09573978	214.5
22.89878046	9.984812449	213.325
22.77473506	9.906351655	213.25
23.3370742	10.18096443	213.72
23.4611196	10.1484979	213.65
23.52727715	10.19990325	210.875
23.51900745	10.04974552	210.32
23.585165	10.08221206	209.655
23.39496205	10.68554851	213.03
23.51073776	10.81541465	229.835
23.52727715	11.01968327	240.39
23.38669236	10.9642196	236.655
23.41150144	11.04944426	243.3
23.44458021	11.11843565	242.55
23.43631052	10.87764218	237.6
23.59343469	10.87899495	238.285
23.74228917	10.96827792	238.195
23.8249861	10.70854564	233.75
23.79190733	10.68419574	234.955
23.75882855	10.59085445	235.9
23.84979518	10.78294811	238.475
23.9407618	10.8911699	236.285
23.96557088	11.15360773	237.5
24.19712229	11.27400446	236.315
24.18058291	11.24424347	236.775
24.27154953	11.41063447	240.515
24.25501015	11.49856467	244.65
24.16373231	11.3700513	245.965
24.45416179	11.58108378	247.95
24.39607589	11.61355032	249.395
24.80267716	11.6974222	247.525
24.82757111	11.9855627	254.825
24.82757111	12.21688677	254.005
24.69480335	12.39545271	252.5
24.46245977	12.1127233	242.375
24.38777791	12.41980261	244.75
24.53714164	12.41844984	242.325
24.36288395	12.39951103	242.405
24.16373231	12.35351677	240.4
24.33799	12.32646132	242.425
24.1720303	12.34675291	243.5
24.05585851	12.1519537	244.355
23.93968672	11.77453022	241.32
24.39607589	11.93956844	242.055
24.51224768	12.00585429	241.965
24.42096985	11.65278071	240.89
24.52054567	12.04643746	239.495
24.95204089	11.97879884	241.06
25.05161671	11.86651874	240.15
24.80267716	11.56214497	231.4
24.88565701	11.67577784	234.315
24.96863686	11.46609813	231.45
24.87735902	11.21448248	228.1
24.59522753	11.11978842	227.79
24.88565701	11.02644713	228.765
24.91055096	11.0277999	234.015
24.87735902	10.9398697	231.28
24.7777832	11.47692031	230.24
24.7777832	11.33623199	233.795
24.73629328	11.58784764	241.63
24.59522753	11.50532853	243.595
24.8358691	11.56214497	241.79
24.86076305	12.52261331	242.75
24.6118235	13.12189145	244.73
25.47481394	12.95955877	249.86
25.89801118	12.79993163	252.5
25.85652125	13.13541917	252.14
25.80673334	12.84457312	248.64
25.72375349	12.049143	243.915
25.81503133	11.97203498	244.875
25.49140991	11.74071091	240.42
25.50800588	11.59325873	239.525
25.79843536	11.72853596	249.535
25.26736432	11.66766121	244.045
25.39183409	11.54997002	247.92
25.3337482	11.62572527	246.235
25.29225827	11.57296715	247.16
25.6075817	11.59731705	250.75
25.35864215	11.46339259	240.875
25.05161671	11.46474536	240.75
24.57033358	11.3551708	233.58
24.48735373	11.38357902	235.74
24.37118194	11.65413348	235.005
24.2799041	11.6581918	235.515
24.04756052	11.26453506	230.945
24.01436858	11.4823314	229.145
24.15543433	11.4579815	229.55
24.48017129	11.53914784	232.965
24.53013083	11.52697289	230.735
23.93061643	11.47556754	234.97
24.00555573	11.62031418	236.05
24.43853835	12.06672904	237.93
24.4718447	12.10866498	237.925
24.06384185	12.049143	235.31
24.20539386	11.97338775	232.465
23.20620319	11.35381803	224.385
23.45600086	11.44580655	224.725
23.38938815	11.77723577	224.115
23.11461072	11.55402833	219.34
22.93975235	11.67713061	220.475
23.17289684	11.93009904	228.775
22.98971188	11.86651874	227.82
22.74824081	11.90439636	227.36
22.72326104	11.90033805	226.48
22.84815987	12.15736479	227.375
22.24864547	11.95850726	221.515
22.81485352	12.17495083	224
22.71493445	12.11678162	223.095
22.7565674	12.11948716	220.425
23.17289684	12.3278141	223.615
23.18122343	12.37516113	222.64
23.74743147	12.69847371	228.275
23.53926675	12.71064866	231.02
23.33110203	12.65112668	230.915
23.49763381	12.96632263	232.5
23.08130436	12.91356451	231.81
23.01469165	12.61324906	230.94
23.10628413	12.68224044	230.46
23.20620319	12.56860757	229.08
23.09795754	12.66871272	229.265
23.20620319	12.78369837	236.3
23.73077829	12.7525846	235.51
23.77241124	12.80804827	235.755
23.78906442	12.66871272	234.105
23.6475124	12.74987906	233.25
23.40604133	12.52531885	232.265
23.76408465	12.47120796	233.695
23.82237077	12.20741736	233.145
23.92228984	12.36839727	237.135
24.0222089	12.22229786	236.4
23.81404418	12.22906172	238.005
23.88898348	12.21147568	235.825
24.16376092	12.30616974	241.24
23.96392278	12.64977391	239.54
23.97224937	12.61324906	238.765
24.13878115	12.89868401	238.995
24.23037363	13.37080155	240.59
25.07968569	13.51690096	239.505
24.92980709	13.50066769	235.69
25.31283018	13.45602621	234.5
25.48768855	13.58048126	232.89
25.78744575	13.58183403	236.615
25.4460556	13.6372977	235.56
25.57095444	14.05800989	233.635
25.60426079	14.21222593	233.405
25.62924056	14.45843049	234.625
25.46270878	14.52065802	230.735
25.72083303	14.71004614	233.37
25.78744575	14.79391803	230.89
25.81242551	14.54500792	229
25.95443562	14.52065802	236.305
25.8792538	14.8047402	235.48
25.75395076	14.883201	235.16
25.93772855	15.14834437	235.3
25.63700126	15.35937685	237.93
25.54511237	15.27144665	236.985
25.2026174	14.97383674	237.165
25.46157701	15.37019903	241.76
25.72053662	15.46895141	243.555
25.98784976	16.06687677	249.3
25.63700126	16.39424767	248.955
25.5534659	16.0168242	250.2
25.66206187	16.41318649	253.535
25.54511237	16.59445798	259.42
25.30285983	16.72567689	259.125
24.74317293	16.7838461	257.53
25.10237497	16.84066254	257.745
25.07731437	16.25897044	255.67
24.93530426	16.28467312	252.385
25.38639519	15.89507469	252.62
25.49499115	16.06417123	251.42
25.46993055	16.30090638	252.945
25.48663762	16.92182888	257.6
25.44486994	16.72838243	257.155
25.06896083	16.44294748	254.985
25.24438508	16.76084897	257.055
24.63457697	16.63909946	262.49
24.63457697	16.54981649	263.71
24.65963758	16.18592074	265.13
24.95201133	16.48894173	263.145
24.91859719	16.30902302	262.505
24.6178699	16.50923332	261.35
24.84341536	16.40371708	265.19
25.07731437	17.20320552	267.17
25.05225376	17.95805247	270.815
25.03554669	17.89717771	269.7
24.95201133	17.63068157	271.28
24.5009204	17.90394158	271.67
24.63457697	17.90935266	272.235
25.11908204	18.13661841	272.665
24.91024365	18.63173308	276.08
25.0856679	18.68178566	276.495
25.71218308	18.79136021	277.5
25.82913258	18.6844912	274.75
26.32199119	18.9388124	274.295
26.02961744	19.44610201	260.06
26.05467805	19.43933815	256.255
25.72889015	18.24754574	257
25.65370833	18.56815278	254.88
25.04390022	19.75047578	254
24.55104161	19.45962974	255.945
24.55939515	19.13225884	258.055
24.21690018	17.82412801	255
24.47585979	18.26242624	256.47
24.65963758	18.46398931	255.505
24.19183957	17.83630296	251.5
24.67634465	18.29624555	255
24.68469818	18.26648456	258.01
25.06060729	18.12850178	262.89
24.47585979	17.09768928	257.365
23.98300118	16.90965392	257.875
23.91617289	17.2870774	257.75
23.69898096	16.77843501	254.3
23.55646852	16.21974004	248.775
23.31335906	15.83419993	245.76
23.68221479	16.51193886	250.02
23.69059788	16.53358322	248.96
23.53131927	17.25731641	253.305
23.65706554	17.92558593	256.375
23.72413022	17.73078672	256.095
24.15166755	18.30300941	257.5
23.88340883	17.89041385	256.63
23.41395608	17.15585849	253.2
23.96723968	18.13797119	256.44
23.84987649	18.43152278	255.7
24.08460287	18.733191	257.625
24.15166755	19.50156568	262.575
23.87502575	18.50051417	263.9
24.2354984	18.26377901	261.76
23.84149341	17.82548078	259.675
23.87502575	18.4937503	257.24
24.25226457	18.32871208	260.665
24.25226457	18.51268912	261.325
24.44507552	18.56003615	262.39
24.3444785	18.77783249	264.375
24.08460287	18.7237216	262.65
24.25226457	19.06326745	267.635
24.03430436	19.04297586	273.425
23.82472724	18.98074834	276.415
24.01753819	19.50021291	280.05
24.37801084	20.05890787	284.01
24.78039891	20.72176631	284.5
24.7301004	20.66630264	284.08
24.72171732	20.90033225	283.75
24.69656807	20.7609967	283.635
24.9564437	21.14924236	291.275
24.8977621	21.43467731	292.195
24.68818498	21.36298038	292.01
24.90614519	21.13571463	289.515
25.01512529	21.84050901	297.025
25.01512529	22.71439992	304.81
25.2330855	22.70763606	307.59
25.3420656	22.56288942	312.695
25.07380688	21.94602525	311
25.29176709	22.62511695	318.695
25.18278699	22.5885921	310.055
25.41751337	22.9403129	308
26.05462782	23.36914172	316.74
26.1216925	23.47059965	319.81
25.29176709	23.05394577	322.355
25.57679198	23.58693807	325.375
25.90373229	25.1832094	337.885
26.19714026	25.15209563	337.91
26.81748854	24.72597235	334.255
29.36594634	24.98570464	337.3
28.98032444	25.03846276	339.615
29.81863293	25.29684227	347.385
30.85813545	25.6959101	353.5
31.06771258	25.35636425	351.605
31.06771258	25.41453346	355.625
30.79107078	25.18591494	362.825
30.52281206	25.94482021	370.895
29.7767175	25.20214821	366.47
29.12283688	23.73709579	346.92
28.27614531	22.37079576	331.985
27.98273734	20.8002271	316.035
28.98032444	22.99171825	330.275
28.53460268	22.47090091	320.84
28.39163532	22.22604912	314.825
28.66916019	22.50877853	316.815
28.55983221	22.17870209	312.925
29.08124258	22.84156052	324.27
28.78689801	22.7888024	330.26
28.68597988	23.20545627	338.35
27.7272576	23.3407335	333
27.8029462	23.64781282	336.785
28.34117625	24.37966264	346.13
28.24866796	24.93024097	348.5
28.25707781	24.6502171	346.5
27.68520837	24.19568561	340.765
27.55906071	24.32419898	342.08
28.71961926	25.09392642	349.255
29.05601304	25.6959101	357.63
29.03919335	26.28436606	357.435
29.23261978	26.27219111	359.21
28.67757004	25.50516921	349.6
28.98873428	25.81901238	349.675
29.61947263	25.9502313	347.025
29.69516123	25.75543209	344.98
28.92145553	24.94512147	334.615
29.21580009	24.7530278	336.675
29.25784931	24.77196661	338.685
29.87176797	25.32525049	344.845
30.32589957	26.23160794	348.345
30.76321149	26.8931136	350.365
30.78844103	26.91340519	355.42
30.25021097	26.86199984	350.37
30.37635864	27.03244915	351.265
29.93904672	26.79571399	345.74
29.61947263	26.35741576	342.595
29.7456203	26.36959072	342.665
28.91304568	24.35666551	328.5
29.10647211	24.03064738	324.625
28.13093014	23.16622588	315.84
28.96350475	24.26873531	326.6
28.87099646	24.08205273	323.365
28.51778299	23.36102509	319.125
28.92145553	24.18486343	326.91
28.59347159	22.8672632	318.825
27.94591356	21.59565722	307.975
27.84499542	21.76475376	300.395
27.76089698	21.82833406	300.125
26.87786329	21.05454829	292.175
26.85263376	18.81300457	274.31
27.96273325	18.34359258	287.245
27.70202806	17.58739285	283.2
27.51701148	17.58739285	277.99
27.41609335	17.79436702	275.26
27.07969956	17.88094445	274.135
27.41609335	18.31112604	282.15
25.60797676	18.0933297	257.95
25.3893208	17.80924751	247.715
24.44741821	17.49946265	253.4
23.98487676	16.50382223	250.855
23.64848297	16.40101153	252.475
24.01851614	16.974587	258.345
23.72417157	17.5116376	260.58
23.83349955	16.89071511	259.045
24.35490992	17.50487374	267.31
23.96805707	17.24243591	266.125
23.90077831	16.85960135	264.82
23.78304049	16.52817213	254.475
23.82525391	16.75002679	254.5
23.7239417	16.4415947	251.43
23.36934898	16.16021806	253.9
23.50443192	16.19809569	243.22
23.96033685	16.11828212	232.095
23.85902464	16.63368837	236.43
23.58041607	17.57386513	237.695
22.96410015	16.91235947	235.59
22.78680379	16.46729738	228.51
23.29336482	16.85824858	222.3
23.74082707	16.84066254	223.85
23.27647945	16.35907559	216.35
23.52975997	16.53764154	216.675
23.68172828	16.19133183	206.81
24.7201784	17.22755542	219.92
24.17140395	17.04898947	220.09
24.16296126	17.30736898	221.505
23.60574413	17.12745027	218.96
23.89279538	17.14368353	209.935
24.83837597	17.96752187	219.58
24.16296126	17.54139859	216
24.63575156	18.02839663	216.775
24.62730887	18.8752321	230.28
24.60198082	19.07138408	225.39
24.11230516	19.62331519	229.095
23.68172828	18.9726317	222.04
23.56353071	19.34599686	219.04
23.96033685	19.41228271	220.235
24.90591744	20.22800441	232.855
24.61886619	19.95203886	232.85
24.48378325	20.50938105	227.56
24.61886619	20.70823858	235.545
24.61886619	21.0883676	238.41
24.27271615	20.67577205	233.905
24.39091373	20.48638392	232.095
24.57665277	20.90709611	234.54
23.87591001	19.90469183	228.725
23.69017096	19.99126926	225.83
23.85058196	20.07243559	223.42
24.44156983	20.79211047	227.515
24.66952229	20.89897948	224.77
25.32805164	21.78504534	269.705
25.68264436	22.74821923	268.895
25.53911873	21.67141247	277.5
26.5522408	22.03530822	273.245
26.84773473	22.85373547	271.52
25.18452601	22.96060448	272.03
24.47534056	23.30015034	276.06
24.17984663	23.68027936	279.235
24.07853442	23.5314744	287.145
24.8214906	24.34990165	296.54
24.68640766	24.47706225	290.645
24.55132472	24.98976296	297.45
25.07477112	25.25084801	293.18
24.66107961	24.70026968	289.5
24.71173571	25.03440444	291.505
24.81304792	24.8166081	286.6
25.31960895	25.45376386	292.47
25.23518211	25.69726288	291.5
25.36229015	25.19673712	288.15
25.80293134	25.66614911	290.5
25.41313336	25.38071415	290.035
24.9640183	24.83689968	288.76
24.37084747	25.14803732	289.3
23.93868014	24.10504986	274.995
24.12510526	23.95083382	274.73
23.76920276	24.50817601	272.31
24.09968366	25.21973425	280.45
23.87936306	25.29819504	284.12
23.98952336	25.25490633	291.5
23.99799723	25.53357743	292.9
23.55735604	25.17509276	287.5
23.14213645	25.07634038	283.65
23.33703544	25.05199048	286.11
23.98104949	25.62556594	293.15
23.2946661	25.11286524	283.5
23.48109121	24.56769799	278.935
23.63362086	25.11286524	277.085
22.98113294	24.45947621	272.6
23.93020628	23.43813311	276.475
24.63353741	23.31773638	285.755
24.51490324	23.9224256	286.405
24.40474294	24.54334809	284.73
24.1166314	24.18080511	281.19
24.51490324	24.47165116	280.1
23.92173241	23.71004035	273.215
23.70141181	23.42460539	272.605
23.49803895	23.43678034	271.15
24.02341884	23.99682808	275.5
23.51498669	22.76174695	264.41
23.41330026	23.00930429	264.035
23.31161383	22.65081962	263.21
22.76928621	23.63022678	267.365
21.93037317	22.75092478	263.52
22.01511186	23.0133626	268.5
22.05748121	23.69515985	271.955
21.90495157	24.2890269	277.265
21.37957168	23.57205757	270.775
21.5659968	23.89401738	270.285
21.39651942	23.34614459	266.9
21.31178073	23.52200499	260.81
22.15916764	22.94842953	258.045
23.09976711	23.37725836	267.8
23.3200877	23.24198113	266.72
21.91342544	22.34103476	240.66
21.72700032	22.49525081	234.4
21.86258222	21.91761703	238.555
22.39643597	22.49119249	244.61
21.55752293	21.51313811	237.81
22.16764151	21.93114475	245.99
21.60836615	20.88680453	238.56
22.12527216	21.24934751	241.555
22.22695859	21.62812376	241.35
21.79479127	21.50231593	236.875
21.55752293	21.19253107	233.93
21.42194103	20.72853017	231.5
22.21001085	21.73093445	239.925
22.89639425	22.21116862	243.17
23.2099274	22.12729674	239.56
23.83699372	22.93625458	247.505
23.64209473	23.47871628	250.42
23.82851985	23.9075451	251.305
23.6505686	24.25520759	250.015
23.6505686	24.25791313	252.745
23.56582991	23.77362065	255.075
23.46414348	23.72627361	249.15
23.24382288	23.47465796	245.25
23.21829892	23.78714837	242.5
23.12471105	23.57746866	243.265
23.68623825	23.91566174	245.295
23.53309447	23.34208628	241.505
23.20128294	23.48953846	237.08
23.44801459	23.62887401	234.29
23.77131813	23.50306618	236.89
23.21829892	22.93354904	231.645
23.05664715	22.48172309	232.625
22.88648739	22.58588655	232.205
22.41854806	21.80939525	225.13
21.82298891	21.66870692	222.125
22.22286434	21.36298038	209.975
22.20584836	20.51885046	209.33
22.49511995	20.50938105	207.08
23.26083886	20.65006937	216.875
23.49906252	20.14819084	218.83
22.81842349	18.9875122	216.93
22.11226049	18.92257913	221.465
20.90412621	17.29248849	207.245
21.49117738	18.13932396	219.54
21.4060975	19.06191468	224.575
21.61028921	17.72808117	215.07
21.64432116	17.15856403	214.635
21.88254482	17.41153245	217.555
22.63975574	17.84712514	219.8
23.31188678	17.34795215	215.52
21.27847768	14.23928138	190.5
22.70781964	15.37561012	200.26
22.5291519	14.76145149	205.86
22.33346818	13.54125086	195.245
22.39302409	13.13136085	193.455
21.1933978	13.27610749	185.605
19.76405584	12.06131795	173.005
19.57688011	12.14654261	169.055
18.97281297	12.00450151	164.49
18.29217394	13.094836	166
21.69536909	14.91566753	190.51
20.50425078	14.07965424	181.355
19.27910053	13.25040482	169.585
20.58082267	13.78339711	176.51
20.35961499	13.17600234	186.27
21.03174603	13.31669066	189.66
19.87465968	12.3765139	181.375
18.3176979	13.10430541	177.835
18.98982894	13.28828244	176.16
18.68354138	13.03801956	169.645
18.01991832	12.45768024	164.745
19.653452	13.51554819	184.375
19.56837212	14.14323454	179
19.25357657	15.02118377	179.845
18.99833693	14.55447733	179.68
19.24506858	14.46925267	173.245
20.01929548	15.01441991	183.47
18.78563723	13.974138	171.12
17.76467869	13.40597363	165.61
18.29217394	13.28963521	165.57
18.12201418	12.97038095	159.39
18.0369343	12.82022322	155.73
17.27121539	12.19118409	145.5
18.07947424	13.0461362	156.04
17.06702368	12.20741736	155.01
16.43743258	11.92333518	150.06
16.80327606	12.16277587	148.71
15.66421606	11.6730723	140.09
15.01332463	10.88846435	129.78
16.85466222	11.17119377	131.215
17.71966267	12.57401866	128.72
17.12015741	12.28317261	141.025
17.54837545	12.85133698	146.045
17.31713771	12.53614103	146.48
15.93827561	12.03020419	132.995
16.4007511	12.50908559	137.555
17.01738508	12.97308649	139.715
16.36649365	12.36569172	137.17
17.01738508	12.71605975	141.995
17.99372222	13.48984551	151.055
17.64258342	13.53583977	152.985
17.65114779	13.2855769	154.41
16.65768192	12.85133698	150.11
16.58060267	13.29369353	157.88
16.30654313	12.81751767	155.335
17.22292974	12.90950619	162.64
16.8375335	12.06131795	157.62
16.52921651	12.0978428	155.14
16.37505801	12.17495083	155.085
16.42644418	11.59866982	148.555
16.51208779	11.68524725	149.01
16.41787982	11.50397576	151.475
16.38362237	11.60813923	150.18
16.23802824	11.71636101	148.71
16.56347395	11.6730723	151.555
16.64911756	11.5459117	153.825
17.41134568	12.27640875	160.66
17.57406854	12.79452055	164.025
17.7796132	12.58348806	167.03
16.70906809	12.31158083	161.005
17.2314941	12.54019935	162.595
16.71763245	12.25341162	157.535
16.67481064	11.99367934	156.345
16.97456328	11.86516597	157.16
16.34936493	11.54320615	150.485
16.47783034	11.27941555	149.495
16.88035531	11.13737446	149.835
15.82693892	10.5786795	141.375
16.5977314	11.20501308	151.54
14.65362148	11.95309617	153.25
14.73070072	11.95309617	162.35
15.09896824	12.12625102	161.935
15.12466132	12.2737032	165.74
15.45010704	12.7431152	174.335
15.0647108	12.58078252	171.66
14.64505711	12.19253687	169.265
15.27025546	12.37921944	170.285
15.84406764	12.57807698	170.225
15.95540433	12.655185	171.5
16.30654313	13.04884174	176.86
16.8375335	13.48984551	185.64
16.64911756	13.86726899	189.385
16.10099846	13.23417155	179.255
16.45213726	13.09754154	179.02
16.49495907	13.42897076	181.525
16.34936493	13.41409027	178.84
15.60426553	12.78775668	171.33
15.63014325	12.76611233	176.555
15.44899921	12.26152825	171.32
15.52663237	12.3372835	173.225
14.84518573	11.76235527	165.03
14.8106821	12.20877013	172.725
14.62953806	12.33187241	170.82
14.16373909	12.06537627	168.59
13.9308396	12.08160954	168.995
13.62030695	11.89627973	163.58
13.69794011	11.95444894	162.74
13.90496188	12.33322519	159.46
13.1717598	12.01802924	152.82
13.1803857	11.53914784	154.285
13.06824891	11.2428907	145.445
14.21549453	11.98962102	154.085
14.75892666	12.53749381	158.955
14.67266759	13.03396124	161.765
14.36213494	12.97714481	162.21
14.01709867	12.90815342	159.845
14.57778262	13.48172888	167.67
14.62953806	13.73334453	166.55
14.78480438	13.74687225	164.97
14.71579713	13.74281394	165.08
15.8112873	14.56394673	174.3
15.46625102	14.40702514	173.585
15.42312149	14.40567237	172.035
16.24258264	14.86290941	176.645
15.63876916	14.45437217	173.85
15.07808521	14.13511791	171.345
15.84579093	14.22034256	174.03
16.65662617	14.70328228	177.045
16.63937436	15.24709675	181.25
16.17357539	15.69080607	184.89
16.18220129	16.02358806	184.12
16.18220129	15.55688161	179.325
16.55311529	15.73544756	181
16.96715882	16.17509856	186.25
16.89815156	16.26302876	189.055
16.6911298	16.00464925	184.455
16.24258264	15.9140135	189.75
17.04479198	16.42941975	194.37
16.5617412	16.6959159	196.12
16.05281269	16.30090638	189.65
16.36334534	16.47135569	190.735
16.19945311	16.43753639	191.93
16.3202158	16.96376482	192.345
18.03677127	16.76084897	194.745
17.59685002	16.87312907	192.975
17.1914324	16.76084897	191.855
17.46746142	16.92859274	195.735
17.47608733	17.02193403	197.985
17.45883551	17.21267492	196.845
17.41570598	17.86606395	200.99
17.0706697	17.95264138	201.495
17.0706697	17.92423316	201.735
16.66525208	17.45887948	198.305
16.75151115	17.47646552	203.665
16.66525208	17.52787087	203.99
17.15692877	16.83119313	199.505
17.03616607	16.16427638	194.77
17.30356919	16.6323356	193.75
17.4415837	16.56063867	195
17.76936816	17.13286136	198.42
17.63135365	17.24108314	199.44
17.69212149	17.02734512	198.59
17.20597879	16.79872659	198.25
17.14521096	16.57146085	196.75
17.65739701	17.69155632	202.18
17.4750935	17.99863564	202.78
17.75288932	18.27189564	205.2
18.13485858	18.3720008	208.615
18.57759567	18.85088219	213.28
18.57759567	18.86982101	214.2
18.86407261	19.06732577	215.825
18.95088381	19.44474924	220.14
19.21999851	19.57055707	222.16
19.14186844	19.45962974	219.385
19.1679118	19.30676646	217.81
19.57592441	18.9726317	216.3
19.81899576	18.93204853	214.5
20.25305173	18.52892238	212.42
20.3311818	18.40987842	208.385
20.35722516	18.4450505	208
20.55689091	18.34088703	207.58
20.40063076	18.3814702	207.03
20.89545457	18.86846823	210.045
20.20964613	18.58303328	203.675
20.26173285	18.12850178	202.84
20.3745874	18.42746446	204.645
20.65238323	18.91987358	207.885
20.27041397	19.26888884	212.66
20.71315106	19.20530854	212.07
20.63502099	19.26753607	210.795
20.86941121	19.32164696	209.495
20.28777621	18.94151794	204.245
20.14019718	18.75077704	204.805
19.55856217	18.31653713	198.315
19.58460553	18.56274169	201.245
19.4804321	18.44640327	205.195
19.4370265	18.73860209	207.2
20.16624053	19.25536112	212.15
20.0620671	19.24589171	212.345
20.93886017	19.86951975	219.085
21.21665599	19.95609718	221.3
21.0864392	20.52831986	215.125
21.29478607	20.68524145	215.085
21.55521965	20.49585333	213.95
21.52917629	21.20335325	213.845
22.18894137	21.34945266	218.67
20.35722516	21.64300425	223.36
20.0620671	21.65788475	222.4
20.3745874	21.64435702	219.925
20.66106434	21.64841534	218.12
20.66974546	22.0217805	222.82
20.417993	22.10294684	221.525
20.6871077	22.51418962	226.105
20.63502099	22.39514566	226.865
20.66974546	22.33562368	225.57
20.36590628	22.173291	225.18
20.45271748	22.38973457	228.55
20.3311818	22.28286556	228.305
20.07942934	22.02719159	226.97
20.42667412	22.36267912	229.29
20.50480419	22.78339131	231.14
20.56557203	22.56153665	230
20.18360277	21.58889336	222.445
20.58293427	22.18546595	222.64
20.64403713	22.26663229	221.985
20.66149509	22.5006619	230.205
21.30743959	22.8916131	232.62
21.50820612	22.86996874	234.365
21.50820612	22.915963	235.685
21.42964531	22.64676131	234
21.55185102	22.92272686	233.03
21.54312204	23.0038932	232.375
21.5169351	22.75498309	230.835
20.94955142	22.36132635	227.88
20.8273457	22.34509308	226.505
21.0455702	22.53042289	228.76
21.49074816	23.03906528	230.65
21.66532776	23.39349163	229.31
21.63041184	23.15134538	231.985
21.8224494	23.34343905	235.47
21.70024368	23.28932816	236.07
21.8224494	23.50036064	237.56
21.99702899	23.69515985	238.77
21.99702899	24.60287007	244.145
22.08431879	24.96541305	245.86
22.04940287	25.02899335	245.73
22.08431879	24.89371612	248.5
22.49458084	24.95594365	249.53
22.44220696	25.09392642	249.23
22.64297349	24.86666068	248.385
22.30254328	24.67050869	246.24
22.54695471	25.18185662	249.265
22.47712288	25.07769316	249.265
22.45093594	25.07363484	247.925
21.71770164	24.46624007	243.6
21.78753348	25.01276008	242.29
21.50820612	25.16427058	244.26
21.91846817	25.70402674	249.37
21.90973919	25.73649327	258.77
22.40729104	25.60392159	257.09
22.30254328	25.76625426	258.125
22.45093594	25.81224852	262.02
22.52949676	25.70537951	263.055
22.66043145	25.87718159	267.66
23.31510493	25.77842921	264.955
23.13179636	25.43888336	274.925
23.00959064	25.68373515	276.045
23.01831962	26.88770251	275.86
23.2016282	27.72101026	275.55
23.21035718	27.75888788	277.045
24.45860128	27.58843857	276.845
25.03471395	27.39093381	277.105
24.95615313	26.69966716	274.145
24.45860128	26.02733932	270.15
24.63318088	26.56168438	275.525
24.20546087	25.49975812	268.06
24.33639557	25.60933268	266.995
24.03088127	25.53357743	268.645
24.4935172	25.81224852	270.165
24.85140537	26.24784121	274.325
24.89505027	26.28977715	275.55
25.30531232	27.25295104	281.255
25.32277028	27.45857243	283.38
25.41878906	27.49509728	285.28
25.62828457	27.32464797	283.925
25.86396702	27.65742996	286.025
25.78540621	27.95233432	288.14
26.30041601	28.0023869	288.745
26.39685087	27.86169858	288.325
26.10754629	27.12443767	286.495
25.96727741	27.0446241	284.98
26.24781518	27.8508764	291.175
26.22151476	27.65607719	291.545
26.1163131	27.62225788	292.87
25.61660519	27.13525985	289.88
25.7831745	27.04327133	291.5
26.30918282	26.64555627	294.935
26.10754629	26.54545112	293.755
26.15138032	26.57927042	292.87
26.2828824	26.15179437	292.505
26.1163131	25.56063287	293.125
25.92344338	25.68508792	293.525
26.04617866	26.75783637	294.51
26.18644754	26.57250656	295.75
26.16891393	26.33441864	295.255
26.39685087	26.64690904	297.865
26.31794962	26.26678002	296.57
26.38808406	26.38311844	298.88
25.9497438	25.95428962	296.97
26.616021	26.43722933	298.21
26.75628989	26.81600558	299.34
27.01929405	27.10414608	300.56
27.1069621	27.33952846	305.84
27.17709654	28.27835245	309.24
27.32613224	28.62601494	311.435
27.51900195	28.28646908	309.7
27.14202932	28.63007325	311.365
26.72122267	28.50697097	309.99
27.13326252	28.95068029	313.375
27.14202932	29.00073287	311.995
26.97546002	28.53943751	304.13
26.69492225	28.48667939	297.05
26.87902516	28.67606751	301.01
26.53711975	28.42309909	300.555
26.36178365	28.09978651	295.24
26.6072542	28.49614879	293.545
27.14202932	28.33111057	294.925
27.05436127	27.85764026	290
27.2647646	29.09001584	293.81
26.81765753	28.6422482	290.205
26.30918282	28.14713354	291.49
25.38866826	26.75107251	275.005
25.70427325	27.47074738	270
25.86207574	27.85899303	271.21
26.01111143	28.12143086	271.05
25.56400436	26.95939944	267.145
24.70485744	25.98134506	264.97
24.90649396	26.34253527	266.51
24.95032799	26.49539854	265.56
25.09936368	26.95128281	270.41
24.40678606	25.97999229	263.39
24.56458855	26.44128765	265.645
24.30158439	26.26001616	266.735
24.55582175	26.54004003	268.22
24.53828814	26.39529339	267.225
24.65225661	26.87552756	268.2
24.48568731	27.10685163	266.56
24.9678616	27.51538887	270.65
25.17922974	27.40040322	269.105
25.51389596	27.45180857	271.61
25.33775585	27.28135926	270.38
25.30252782	27.11226272	271.4
24.95024759	26.65773122	267.535
25.21445776	27.14472925	265.735
25.18803675	27.32600074	263.215
25.24968579	27.68042709	263.4
25.55793099	28.27158859	266.345
25.06473866	28.25264978	270.53
25.06473866	28.31758285	272.66
25.21445776	28.50426543	277.295
25.17922974	29.61894981	282.105
25.21445776	29.63653585	281.24
25.36417686	30.16952815	280.095
25.51389596	30.41573271	288.225
25.69884309	30.50501568	290.57
25.77810614	30.65382063	289.77
25.79572015	30.28045548	281.59
25.8661762	30.36297459	282.6
26.09515835	30.3183331	282.78
26.07754434	30.39003003	283.2
26.05993033	30.06536468	280
26.06873733	30.40355776	278.75
26.3153335	30.89190856	274.5
26.11277236	31.02853857	278.665
26.42982457	30.6605845	281.44
26.12157937	31.23551273	281.345
26.05993033	31.4370758	281.225
26.21845643	31.90513502	283.355
25.79572015	31.79014938	283.56
25.68122907	31.92136829	284.4
25.77810614	32.26226692	285.505
25.82214117	32.40430801	284.11
25.84856219	32.54770187	281.77
26.35056152	32.45977167	283.745
26.72045576	32.70868178	283.11
26.70284175	32.77632039	286.365
26.81733283	32.79525921	293.385
27.14319205	33.23626298	294.5
27.18722708	33.67320844	297.65
27.01108696	33.46758705	275.075
27.33694617	33.42294556	275.05
27.61877036	33.08745803	277.52
27.59234934	35.06656392	277.15
27.64519138	36.04732385	273.53
27.26649013	36.63713258	272.495
27.39859522	36.45721386	265.82
27.16961306	35.44804571	264.53
27.2224551	35.38852373	264.595
27.30171815	36.34087544	266
26.89659588	35.31953234	262.85
27.17842007	36.03109058	265.3
26.53550864	34.99351422	253.185
26.28891248	34.62961846	254.88
25.52270297	33.31201823	249.335
24.84456352	31.9064878	246.57
25.48747495	34.359064	260.825
25.43463291	34.7013154	254.525
25.92782524	35.45480958	252.695
25.75168512	34.9502255	255.44
25.47866794	34.33606687	253.765
25.48747495	34.39017777	253.985
25.30252782	34.13856211	249.185
24.98403446	33.59474764	247.215
23.9843192	32.16351454	237.505
23.74544919	32.78037871	236.025
23.24116804	33.38100962	238.58
23.06422728	33.17268268	238.535
22.12644129	33.02252496	237.735
23.00229802	34.27248657	245.23
22.82535727	34.7500152	242.815
22.90498061	35.28436026	241.185
23.40926175	35.70642523	246.685
23.76314326	35.59414512	252.8
22.81651023	34.62556015	249.36
22.37415834	33.94646845	242.76
22.21491166	33.7286721	242.39
21.93180646	32.89942268	237.01
22.11759425	33.88829924	243.505
22.70149874	34.29413093	244.25
22.55994614	34.3982944	241.595
23.51542621	35.13014422	248.995
23.28540323	36.15284009	250.635
23.32963842	36.7778209	250.04
23.39156768	37.07543081	250.015
22.95806283	36.54784961	244.28
22.79881615	37.04566982	243.125
22.39185242	36.65607139	241.025
22.11759425	36.38957525	237.55
21.70178348	36.07843761	236.34
21.50714865	36.29488118	236.04
20.62244488	34.65396837	227.13
20.35703375	34.02628201	222.475
20.48973931	33.61368646	219.745
20.58705673	33.40535952	218.275
21.0736438	33.63397804	218.035
21.49830161	34.99216144	225.1
21.59561903	34.91370065	228.28
21.4717605	35.12067481	233.745
21.96719461	34.80547887	237.915
22.23260574	34.06280687	244.6
22.50686391	34.18861469	245.67
22.56879317	34.01545983	247.01
22.02027684	33.80578013	229.805
22.32107612	33.22138249	233.09
22.54225206	34.07498182	240.795
22.2237587	34.39288331	238.75
22.86074542	35.03950848	242.405
22.8342043	35.16396353	245.03
23.0907684	35.07468056	244.485
23.14385062	35.72401127	246.315
22.95806283	35.3019463	242.175
23.02883913	34.9164062	242.495
22.8342043	34.80006778	242.425
23.29425026	35.42234304	245.205
23.14385062	35.43316522	244.915
22.763428	35.57520631	253.16
22.44493465	35.40205146	254.05
22.60418132	35.18425511	250.11
22.65726355	35.40881532	252.675
22.17952351	35.0922666	251.855
21.99373572	33.84501052	245.87
21.66639533	34.06145409	246.005
21.58677199	33.69755834	243.175
21.67524237	33.50005358	242.795
21.97604165	34.08580399	245.26
22.07387105	34.23460895	241.075
21.73591493	33.80307458	233.985
21.5491497	33.77060805	231.01
21.59361761	33.25114348	232.035
21.38017164	32.45706613	225.695
21.43353313	32.85748673	227.31
21.18451283	32.50441316	225.49
21.28234223	32.68568465	229.415
21.02442835	32.80472861	226.345
20.87323745	32.88589495	225.01
21.25566149	33.86394934	230.165
21.29123582	34.11285944	231.59
21.60251119	35.00568917	235.15
21.30902298	34.87582303	232.2
21.28234223	35.56708968	235.29
21.35349089	35.58738126	238.09
21.21119358	35.63337552	238.07
22.33178494	36.12443187	241.135
22.26063628	36.26241465	240.215
22.34067852	36.55461347	240.32
22.52744374	37.41362389	240.53
22.42961434	37.25129121	245.075
22.61637957	38.31457025	254.14
22.36735926	38.38761995	256.73
21.88710582	38.92602333	258
21.72702134	39.08429769	256.74
22.03829672	39.54424028	263.645
21.99382881	39.38731869	265.205
21.9493609	38.8056266	263.585
21.78927642	38.87461799	263.845
21.78038284	38.38491441	262.895
21.68255343	38.21852341	262.81
21.26455507	37.69364776	261.175
21.65587269	39.08700324	269.115
21.72702134	39.12082255	267.175
21.81595717	39.12488086	265.005
21.8515315	39.78097544	268.175
21.86931866	39.95548306	269.42
22.08276463	40.38566466	270.695
22.53633733	40.60210823	271.65
22.43850792	40.89565982	270.465
22.71420897	42.57715581	300.725
22.96322927	43.01815958	308.855
22.32289135	41.86695034	303.915
22.50965658	42.00763867	303.99
22.60748598	41.87100866	305.995
22.57191166	41.59369034	306.265
22.40293359	41.77902014	308.25
23.03437793	41.67215113	309.3
23.16778166	41.64239014	308.235
23.37233405	41.29202211	309.29
23.71918376	40.71574111	306.85
23.96820406	41.14862825	307.5
24.35952168	41.8493643	307.8
24.03935272	42.31471798	310.09
24.13718212	43.05468444	312.135
23.87926824	42.90046839	312.54
23.84369391	43.10203147	313.385
23.96820406	42.7584273	312.41
23.95931048	43.0222179	311.44
23.72807734	42.83553532	308.595
23.36344047	41.66944559	301.645
23.3011854	41.53552113	297.735
23.09663301	40.79826022	291.86
22.88186385	40.65080803	291.775
23.12347915	41.72355648	298.28
22.98924843	41.49358519	295.415
23.02504329	42.39047323	295.61
22.47917168	41.76413965	291.505
22.70288955	42.58527244	297.485
22.59550497	42.61232789	295
22.64919726	42.86529631	291.055
22.60445369	42.09151055	277.855
23.30245345	42.80171601	282.175
24.06309421	43.03845117	285.91
24.1794275	42.94240433	286.5
24.01835063	43.30900563	289.18
24.04519678	43.0465678	293.57
24.36735051	43.42534405	295.27
24.23311979	43.25624751	295.75
24.46578638	43.3644693	296.105
24.38524794	43.51462702	297.31
24.71635039	43.32794444	297.455
24.92217083	43.33741385	295.15
25.04745284	43.45781059	295.855
24.96691441	43.37123316	295.4
24.88637597	43.58767673	297.53
25.11904256	43.85687842	301.535
25.22642714	43.98674456	302.745
25.324863	43.77571208	302.115
25.11904256	43.92181149	301.19
25.06535027	44.0286805	299.46
25.02955541	44.0043306	300.5
24.92217083	43.78382871	299.43
24.97586312	43.63502376	296.985
25.03850413	44.58331715	302.175
25.13693999	44.81599399	301.06
25.05640156	45.18259529	304.535
25.79019617	45.14607043	306.75
25.59332445	45.46938302	308.22
25.25327328	46.32568789	307.105
25.15483742	46.21611333	308.005
25.54858087	46.59218404	308.435
25.22642714	46.76263335	308.345
25.324863	47.1414096	312.09
25.64701674	46.08218887	319.815
25.47699115	45.83733709	315.875
25.36960658	45.00402934	313.385
25.07429899	44.19777704	305.915
25.39645272	45.64930173	305.54
25.45909372	46.1836468	309.955
25.75440131	46.51507602	308.25
25.83493975	46.42849859	308.395
24.83268368	45.46667747	300.495
24.81478626	45.90227016	300.18
25.04745284	46.67470315	305.52
25.00270927	46.57865631	306
24.74319654	46.45961235	305.075
24.85058111	46.87356068	305.49
25.23537585	47.60135218	307.145
25.30696557	48.05047259	309.19
25.02955541	48.4508932	308.25
24.60896581	47.96118962	308.22
24.38524794	48.27368002	312.25
24.36735051	48.58887597	314.075
24.26891465	48.68627558	312.075
24.32292559	49.12322104	312.11
24.49396022	48.46983201	312.63
24.35893288	47.42278624	315.04
23.9358472	45.80622332	305.105
23.9358472	46.34868502	305.66
24.09788001	46.3838571	304.41
23.89983991	47.09812088	305.02
23.92684538	47.7812709	306.7
23.54876881	47.2536897	300.38
23.47675423	47.63381872	300.395
23.58477611	48.64028132	304.78
23.35973053	48.6998033	300.31
23.15268861	48.07211695	295.83
23.32372324	48.12622784	296.155
23.3057196	47.68116575	295.885
22.87363209	46.89655781	290.15
23.11668131	47.61623268	288.355
23.12568314	47.82861793	284.995
22.85562845	46.72881404	284.78
22.31551907	44.64283913	278.55
22.30651725	45.26917271	280.68
22.32452089	44.73212211	280.53
22.80161751	45.89956461	288.25
22.77461204	46.15659135	288.66
22.99065579	45.88468412	291.08
23.23370501	46.66658651	293.445
23.06267038	47.55535792	289.87
22.87363209	47.40655297	287.68
22.94564668	47.47689713	290.865
23.05366855	47.16170118	290.92
22.85562845	47.14546791	293.38
22.93664485	46.61112285	295.9
22.99965762	46.15523858	293.84
23.20669954	45.84410095	284.545
23.53976699	45.7291153	287.09
23.58477611	45.73452639	290
23.46775241	45.32598915	289.08
23.386736	44.74970815	288.685
23.08067402	44.96615172	285.305
23.0716722	45.47073579	288.14
22.88263392	44.96885726	289.255
22.8376248	44.29788219	265.35
22.57657194	44.89174924	263.42
22.6395847	45.7047654	260.765
23.1886959	46.3202768	262.865
22.97265215	47.44172505	262.55
23.05366855	47.75421545	262.525
23.57577428	47.40384743	266.41
23.74680892	47.36732257	268.88
24.04386908	46.90737999	268.985
23.33272506	47.36461703	272.05
23.09867767	46.84379969	269.28
23.23370501	47.10353197	266.945
23.45875059	47.28886178	267.895
23.21570137	46.90737999	267.135
23.28771595	46.89520504	267.65
23.25170866	47.02236563	268.84
23.10767949	47.27262851	271.33
22.82862298	46.97231306	267.725
22.79261569	46.88303008	267.525
22.53156282	46.06189729	264.775
22.11747897	45.08790122	259.21
22.21649902	45.47208856	265.23
22.37052858	45.97667263	264.905
22.39771027	46.06595561	265.625
22.18931733	45.34763351	262.015
21.89937934	45.23670618	259.195
21.88125821	44.9377435	259.13
21.91750046	45.55866599	259.835
22.35240746	45.31787252	259.065
22.43395252	45.64389064	260.45
22.66046658	47.0534794	264.51
22.13495396	46.73963622	262.8
21.94468215	46.81944979	264.03
21.66380471	46.45961235	261.54
21.75441034	45.7291153	260.53
21.79971315	44.91745191	259.515
21.6909864	44.94450736	259.585
21.70910752	44.84304944	258.365
21.48259346	44.08684971	254.755
21.78159202	44.18154377	252.365
21.94468215	44.9715628	254.185
21.50977515	44.20183536	251.475
21.74534977	43.98674456	250.185
21.9809244	43.32388613	242.51
22.17119621	42.6556166	242.29
22.43395252	44.00568337	246.5
22.33428633	43.64178762	243.505
22.31616521	44.80787735	240.11
22.01716665	44.14772447	237.44
22.83261726	44.91745191	241.4
23.37625101	45.3530446	246.825
23.21316088	45.18800638	248.785
23.55746226	45.40850826	253.19
23.57558338	46.43526245	260.515
23.58464394	47.26992297	266.22
23.85646081	47.58511892	267.68
24.25512556	48.32102705	273.3
24.391034	48.66057291	265.995
24.12827769	47.88813991	263.64
24.04673263	47.85432061	267.005
24.12827769	48.43195438	269.13
23.98330869	48.39813508	264.47
24.26418612	49.36536728	298.81
24.09203544	50.5666291	297.47
24.95278887	50.97922465	301.275
24.51788187	52.33876083	297.675
24.55412412	52.39151895	303.495
24.9437283	53.20453511	309.115
25.28802967	53.90797671	309.49
25.44205924	54.57218792	311.26
24.76251706	53.10848827	303.61
25.11587899	53.00432481	305.47
24.82594099	52.82305332	301.845
24.70815368	53.67124156	303.385
24.28230725	52.61066806	296.2
24.391034	53.10578273	300.585
23.50309888	51.04956881	288.76
23.26752426	50.54227919	289.52
22.18025677	47.7812709	273.01
23.17691863	50.59503731	286.705
21.92656102	49.19897629	274.505
22.8235567	50.55310137	281.065
22.74201164	50.99816346	281.885
23.1134947	51.86664329	278.615
23.1134947	51.470281	269.5
23.0223172	51.46486991	266.575
22.49348774	49.51823055	252.44
21.92818728	48.16275269	245.46
21.86436303	48.21821636	249.085
22.53907649	50.53957365	259.41
22.70319598	50.88858891	261.645
22.40231025	50.55580692	260.02
23.0223172	51.88964042	263.43
23.56026442	52.75406193	269.54
23.91585664	52.75676747	270.35
24.25321337	52.05873696	270.48
23.89762114	51.54468348	266.25
23.52379342	50.6004484	262.42
23.25937869	51.37017585	261.09
23.70614841	51.93698745	267.015
23.90673889	51.96539567	267.48
23.46908692	51.06444931	262.425
23.60585316	51.3972313	265.06
23.74261941	52.03032874	264.76
24.16203588	52.66342618	266.035
24.6088056	53.15854085	271.28
24.72733634	54.17853117	273.34
24.80939608	55.68416676	273.335
24.59968785	55.93037132	273.315
23.69703066	55.75315815	269.6
22.84907997	54.35709712	260.33
22.84907997	54.69258465	262.755
23.19555444	54.53972138	265.945
23.40526268	54.01078741	269.67
23.32320293	53.70641364	264.42
23.20467219	52.83522827	263.75
22.69407823	51.58391388	257.52
22.36583925	50.67485088	247.76
23.10437695	50.39076869	250.95
23.60585316	51.16861278	252.35
24.01615189	51.04956881	257.355
23.93409214	50.02552017	257.56
24.56321685	52.59714034	268.585
24.61792335	54.15012296	271.59
24.58145235	54.40714969	274.25
24.78204284	55.25127962	279.495
24.86410258	57.08699165	295.84
24.59968785	56.81508441	291.205
24.90057358	57.11945818	295.255
24.73645409	53.92420998	290.35
24.65439434	53.47644234	291.835
24.76380734	53.1463659	295.245
24.79116058	54.89144218	298.21
24.44468611	53.80922433	291.58
24.24409562	54.1920589	293.155
24.84586708	54.74534277	299.335
24.59968785	54.78051485	300.07
24.28056662	54.75751772	296.32
23.69703066	53.63877502	289.325
23.71526616	53.76052453	292.41
24.18938913	54.52619366	298.75
23.93409214	54.14335909	298.07
24.43556836	54.07436771	304.165
24.76380734	54.95366971	306.17
23.8885034	53.47238403	300.475
23.96144539	52.11149508	297.54
24.5358636	52.03032874	304.175
24.39909736	51.30524278	306.5
24.56321685	52.59984588	308.28
23.94775854	52.05062032	305.735
23.46090345	51.0549799	300.435
23.24044077	50.72084514	297.44
22.96486243	49.91865116	290.47
22.77195758	50.93323039	290
22.47800734	49.64539115	285.055
22.32184628	49.18274302	281.5
22.84544514	50.88047227	294.095
22.81788731	50.48546276	291.465
23.49764723	51.70295784	299.695
23.22206888	52.47809638	306.885
23.16695321	52.71753707	310.18
23.60787857	53.16530471	312.825
23.57113479	52.88663361	311.885
23.51601912	52.63501796	311.695
23.33230022	52.84740322	308.025
23.60787857	53.24782382	313.71
23.43334562	53.00703035	312.695
23.66299424	52.59714034	312.815
23.50683318	51.4310506	309.035
23.47927534	51.26195406	309.77
23.88345692	51.54333071	312.98
23.45171751	51.70431061	310.915
23.91101476	53.56301977	315.185
23.66299424	53.63065839	312.91
23.70892397	53.91474057	314.85
23.91101476	54.56136574	316.57
23.9202007	54.99425288	320.125
23.71810991	54.46802445	319.85
23.90182881	54.80351198	321.2
23.84671314	54.78727871	322.95
24.59077469	55.63005587	332.705
25.16948922	55.92901855	334.14
25.42669568	56.54994104	329.505
25.82169131	57.14110254	325.01
25.48181135	57.0504668	311.23
25.5736708	57.25473542	311.57
25.46343946	57.16139413	312.98
25.72064592	57.00447254	314.82
25.95029454	56.79073451	312.495
25.95948049	57.45224017	314.29
25.93192265	58.04881276	316.455
25.83087726	57.86483573	319.785
27.29144251	56.85702036	292.995
27.3098144	57.81884147	292.76
26.95156254	56.87190085	290.465
27.15365333	60.42292817	284.745
27.09853766	60.1483154	284.05
26.85051715	60.50680006	289.99
27.19958306	61.28193859	288.845
27.1260955	61.75135059	290.055
27.45678952	61.71212019	290.415
27.51190519	61.56737355	292.555
27.77829759	62.18423773	298.165
27.74155381	62.76457705	304.545
27.87934298	63.42202439	303.385
28.16410728	64.48395066	304.925
28.26515267	66.71467221	305.73
28.01713216	66.74849151	302.955
28.09061972	67.9903365	306.1
27.97120243	68.91833831	304.88
27.78626886	67.32341975	302.78
28.932857	67.93757838	303.26
28.89587028	67.92540343	302.32
29.07155717	69.64748258	307
28.91436364	69.40263079	303.97
29.00683042	69.85580952	303.055
29.10854389	70.67017845	304.95
28.98833707	71.12335718	304.655
29.46916435	72.42878246	309.195
29.34895753	73.3797814	309.125
29.85752485	73.65439418	311.2
29.6633446	73.75044101	310.625
29.4044376	72.12440869	307.125
29.18251732	71.73210472	302.48
29.44142431	71.79027393	303.4
29.59861785	73.31890664	303.57
29.58012449	73.74908824	300.125
29.62635788	74.67303173	302.575
30.20889863	76.85099516	308.89
30.30136541	79.75675009	307.995
30.37533884	79.21293562	310.565
30.14417188	79.21428839	312.52
29.77430474	81.31514379	316.99
29.58012449	81.97259114	316.745
29.50615106	81.50453192	319.99
29.58937117	81.07705586	323.025
29.59861785	80.63199377	321.295
30.1349252	82.11057391	324.665
30.07019845	83.12515315	323.51
29.76505806	83.54992365	327.88
29.70033131	82.50017234	324.205
29.82978481	81.10546408	320.62
29.85752485	83.68655366	323.46
29.5338911	85.13266726	321.31
28.85888357	84.45492833	317.575
29.1455306	85.72247599	316.16
28.75717011	86.06743293	315.42
28.17462936	85.0136233	313.43
28.06366922	84.7106023	317.98
28.64620996	84.2466014	325.505
28.48901643	81.87383876	312.3
28.73867675	78.47838025	303.035
29.07155717	82.47852798	304.785
28.79415682	82.29455095	303.725
28.67395	79.46725681	299.65
29.97773167	77.51114804	298.03
29.70033131	77.33799319	298.8
29.51539774	75.79312721	300.635
29.77430474	82.51911115	304.86
29.69108463	82.20797352	307.735
29.57087781	81.57217053	307.49
29.60786453	78.99919759	302.425
29.59861785	78.74893471	302.215
29.4044376	79.26975205	303.63
29.36745089	78.70699877	305.51
28.64620996	76.46545505	298.485
28.34106957	77.03767773	303.775
28.2023694	76.86181733	306.395
28.44278304	76.99709457	304.575
28.42428968	77.17836606	306.83
28.81265018	76.6629598	302.615
28.36880961	75.51445611	302
28.11914929	74.83130609	305.555
27.83060456	73.87219052	314.465
27.66306246	71.71316591	311.525
27.24420721	71.74833799	300.2
27.69098614	75.92840444	307.055
27.70029404	75.34535957	300.4
27.09528089	77.18377714	304.73
27.05804932	76.47492445	301.83
27.04874142	76.06503444	295.765
27.51413615	77.41510121	297.17
27.30936247	78.34851411	294.115
27.16974405	78.15371489	290.43
26.48095986	75.88917404	285.49
26.5740388	76.3355889	289.295
26.53680722	76.13808415	285.205
27.31867036	77.30552665	290.285
27.20697563	77.34069873	289.115
27.5979072	78.50408292	290.225
26.89981511	77.26629626	284.25
27.262823	77.94132964	282.55
27.11389668	77.40022071	280.545
27.30936247	77.31499606	279.525
27.94229929	77.66671686	282.255
27.77475719	79.24269661	285.425
28.57523612	79.46319849	290.765
28.78931769	79.23728552	288.755
28.05399403	78.14559826	282.605
28.57523612	78.7448764	285.74
27.80268088	77.21218536	280.35
27.94229929	77.38263467	282.34
28.08191771	77.71676944	284.65
27.83991245	76.97950853	282.155
28.47284928	79.00190313	290.035
28.4449256	80.15446515	290.235
28.63108349	81.08652527	293.915
28.57523612	82.51099452	297.96
28.1005335	81.96176896	292.99
27.92368351	83.04533958	293.005
27.68167825	82.27696491	290.85
27.27213089	81.76561697	285.595
26.64850196	81.01753388	285.24
27.35590194	81.83866668	288.26
27.40244141	82.10110451	287.46
27.60721509	82.10516282	288.365
28.34253876	82.01317431	290.38
28.54731244	83.10350879	296.53
28.03537824	81.74803093	305.41
27.2535151	81.68445063	307.755
27.13251247	81.29079389	303.785
26.83465985	77.78034974	303.995
27.14182037	77.76817478	306.68
27.70029404	79.15882472	317.48
27.5885993	80.494011	316.15
27.4303651	82.62192185	316.485
27.37451773	82.08757678	316.34
27.16974405	82.22014847	314.375
27.69098614	83.29019137	320.665
27.87714403	84.2168404	321.41
28.16568876	83.99498575	320.27
28.23084402	83.85294465	321.115
28.38907823	84.32912051	321.175
28.31461507	84.46089962	321
28.28669139	85.58849406	330.005
28.23084402	85.81808859	334.33
28.29643178	85.70125351	333.77
28.83987318	86.44981319	336.435
28.95230934	88.04882363	338.57
28.80239447	90.36378861	337.77
28.85861254	89.12886891	334.755
28.61500088	90.86916829	338.59
28.35264986	90.02143464	338.4
28.63374024	90.10158894	339.315
28.75554607	91.79433916	334.61
28.69932799	91.67478697	338.625
28.71806735	91.49410015	344.005
28.40886793	90.18989453	340.84
28.8773519	90.37601554	342.545
28.47445569	91.69788228	340.52
28.47445569	91.05393075	340.36
29.37394491	91.87449346	349.7
28.99915773	92.44100778	353.075
28.78365511	90.03637866	350.385
28.84924286	89.74429094	346.095
28.83987318	90.99415466	345.44
28.98978806	92.78607885	353.02
29.2427694	93.91367329	354.84
29.2427694	95.06843869	354.99
29.21466036	95.35780931	359.14
29.09285453	95.38362172	363.75
29.4676417	94.92171556	364.06
29.22403004	95.11055366	366.995
28.83987318	93.84710447	374.69
28.47445569	91.50360999	374.58
28.26832274	90.36786425	376.73
28.25895306	92.56055996	378.25
27.88416589	90.62870538	377.25
27.63118454	89.58126524	380.89
27.79046909	89.84210636	378.495
27.97786268	91.21967355	381.25
28.13714723	90.58794895	384.025
27.968493	88.65745292	383.825
27.90290524	86.69842739	378.92
27.43442128	86.38324436	372.045
27.15333089	87.07066941	372.28
27.12522186	85.33037003	375.74
27.35946384	85.54909618	372.375
27.6499239	86.23516268	370.49
27.63118454	88.27705961	372.35
27.72488134	87.573332	377.745
27.64055422	85.94715061	347.5
26.83476179	82.84966225	340.895
26.23510231	86.13598871	339.335
26.28195071	83.32787098	340.175
26.14140552	83.79928697	338.65
26.12266616	82.80890583	338.88
26.43186558	82.0562705	337.575
26.741065	80.87705125	340.15
27.65929358	81.04279404	343.795
27.64055422	78.36102123	343.96
27.76236005	79.42340539	341.48
27.97786268	79.18294248	340.86
27.24702769	76.16696698	333.56
26.99404634	73.40284318	326.145
27.0127857	74.67365763	331.515
26.44123526	74.09626288	332.95
25.59796411	74.10581787	329.525
25.36173336	73.28408823	326.275
25.19164722	71.74709889	323.63
25.059358	72.02828877	323.59
25.25779183	77.22211152	334.105
25.23889337	76.56418181	334.985
25.46567489	76.67201676	332.935
26.17436714	78.00971618	333.985
25.88144101	80.47081011	330.575
25.58851488	79.82243539	335.355
25.85309332	79.5712755	341.835
25.46567489	80.44760512	345.945
25.1538503	79.89068536	349.185
24.97431493	80.01490031	347.625
24.91761955	78.60349092	345.515
25.20109645	73.54480311	343.91
25.25779183	74.69822761	345.565
25.00266262	72.78859344	342.105
25.45622566	72.32039865	342.71
25.8152964	73.89970296	348.44
25.73970256	73.5734681	348.78
25.61686257	72.30265365	351.35
25.33338567	69.58630483	350.98
25.60741334	70.8202643	360.39
26.04207792	72.8773184	360.535
25.80584717	71.84128385	360.055
26.15546868	71.21611412	361.18
25.93813639	70.88851427	357.815
25.56961642	71.00317422	354.75
25.38063182	70.02446964	354.435
25.47512412	70.30565952	353.145
25.08770569	69.55900484	350.005
25.23889337	72.64117351	353.69
26.0987733	74.94256251	361.625
25.74915179	73.99661792	361.835
25.26724106	71.93546881	368.985
25.21999491	71.512319	367.375
25.08770569	71.70478391	366.65
25.22944414	70.5841194	369.06
25.00266262	71.45908402	370.74
25.35228413	71.02091921	369.995
25.40897951	68.48884531	361.625
25.71135487	66.32805124	362.465
25.55071796	69.08125505	357.595
25.74915179	68.61579025	355.66
25.74915179	68.24997041	352.255
25.65465949	68.90107513	351.435
26.08932407	70.16233458	370.75
26.10822253	61.49322334	377.105
26.34445328	60.04359397	376.835
26.37280097	61.40176838	375.365
26.46729327	62.55382788	376.84
26.31610559	62.35726797	376.915
25.93813639	62.17435804	377.845
26.39169943	61.91910316	387.8
25.92868716	60.37665382	379.51
25.98538254	62.49513291	382.87
25.83419486	62.42824793	385.085
25.77749948	64.27372713	386.975
26.03262869	65.20168919	392.685
26.32555482	65.88118804	391.21
26.34445328	64.22979994	390.35
26.48619173	64.10762742	391.43
26.49564096	64.04997297	393.91
26.46729327	63.16731083	396.445
26.72242249	63.14397451	403.425
26.5509417	61.61475893	396.23
26.18892671	61.23176867	397.765
26.44614789	61.88381301	399.855
26.07460618	60.78426034	395.385
26.07460618	61.63123163	395.065
26.49378144	61.02723265	399.89
26.48425473	60.59207885	400.6
26.62715538	59.09169049	403.095
26.81768959	57.6613111	410.75
27.0082238	59.18366306	419.3
26.76052933	58.43140979	415.69
26.80816288	59.10679046	416.3
26.67478893	59.2632811	415.76
26.5509417	60.10750694	417.41
26.58904854	58.8116546	413.805
26.59857525	58.8006728	412.655
26.80816288	59.37035365	410.77
26.71289577	60.90231468	407.15
26.77005604	62.55782096	403.895
26.84626972	62.38897579	405.66
26.97964366	62.05814908	407.355
26.77958275	62.1473762	405.63
26.91295669	63.4075377	405.155
26.8272163	63.63678276	404.82
26.8272163	63.30183788	406.21
27.02727722	62.05814908	401.33
27.25591826	60.76504219	397.095
27.25591826	58.8775454	400.595
27.43692576	58.99834519	406.52
27.20828471	59.30034468	403.1
27.24639155	58.71419113	397.535
27.34165866	58.09371946	391.525
27.23686484	58.50690966	387.425
28.2085893	58.61260948	388.825
28.84687889	59.8082529	395.09
27.5702997	59.62156231	395.195
27.42739905	58.99971792	395.025
27.33213195	57.6338566	390.965
27.59887984	58.51102784	396.685
27.46550589	55.29336058	391.28
27.42739905	53.81768127	382.955
28.36101666	53.60902708	399.935
29.37084796	54.72642518	400.055
29.15173362	55.75047798	403.95
30.25683202	55.65850541	406.725
30.4283128	56.05934109	404.55
30.28541215	57.27008449	400.71
31.0666024	59.04364511	409.53
31.5334112	60.78151489	412.285
31.17139621	60.30243388	410.215
31.59057147	61.15764152	414.805
31.90495291	61.76987684	422.86
32.15264738	63.2428107	430.775
31.73347212	62.96140209	428.615
31.42861739	63.67247361	436.815
31.11423595	63.12063818	435.74
31.14281608	62.59551958	440.115
31.46672423	62.8401143	438.765
32.16217409	61.33661682	443.55
32.46911998	59.26239833	457.945
32.68973733	60.05422191	451.935
33.44751	59.87181229	454.59
33.64894324	61.20810095	454.265
33.42832588	60.75622257	453.485
33.19811647	60.98976216	444.71
32.75688175	61.09893156	441.395
32.87198646	61.51488077	436.66
33.59139089	61.00219918	440.635
33.45710206	61.48724295	434.155
33.60098295	62.40343672	435.38
33.47628618	62.14778687	435.61
34.13813826	62.28459409	433.815
33.56261471	62.08974745	429.55
33.36118147	61.5093532	429.85
33.53383853	60.59039564	432.32
34.21487473	61.05332915	439.865
34.02303355	60.64981696	445.11
33.41873382	60.47155301	439.905
33.57220677	59.72394995	435.99
33.30362912	60.24492288	438.5
32.99668323	59.42822526	437.52
33.57220677	59.69769402	443.125
33.55302265	59.66591052	450.31
33.17893235	58.45399206	450.34
32.12380585	57.60274716	442.37
31.91278055	57.14119555	440.465
32.34442321	55.62664294	434.895
32.29646291	55.63907996	433.1
32.94872293	55.00893763	436.825
33.20770852	54.41610637	438.535
33.13097205	54.79612641	440.185
32.95831499	56.54974617	443.94
32.55544851	57.83075919	441.155
32.62259292	58.14997602	443.215
32.8144341	57.68289684	446.745
32.92953881	57.35538866	452.545
32.94872293	58.36416914	452.62
33.284445	58.14030279	452.995
34.23405885	59.04682332	460.12
34.21487473	58.93903582	461.5
34.69447768	59.06755169	462.345
34.79039827	59.44895362	459.805
34.28201914	59.46415443	459.275
33.99425737	59.66452863	455.34
30.1190655	58.72346082	448.3
30.70418111	58.911398	455.35
30.52193198	57.89985374	451.9
30.65622081	60.87368331	451.45
30.10947344	60.59592321	443.85
30.3300908	60.94001408	442.675
30.25335433	61.87970001	441.135
30.55070816	62.64388577	445.46
30.5411161	62.53471637	443.875
30.3780511	63.10820117	452.11
30.5890764	63.91798933	453.285
30.40682727	64.87287606	452.5
30.29172257	64.29248181	448.285
30.7521414	64.25517075	445.325
31.5482823	64.12803677	446.33
31.36603318	63.21551878	445.205
31.52909819	65.01134306	442.755
31.13582376	68.10082853	440.625
31.25174988	69.34302148	434.905
30.71076132	69.2609505	429.83
30.72042183	69.87578732	428.455
30.32434092	70.62833646	432.825
30.54653265	69.70051709	432.71
30.53687214	69.87996042	434.665
31.29039192	69.96342243	436.855
33.57027229	69.69356193	435.105
32.99064169	69.96481346	433.195
32.1308563	67.96450725	425.075
31.89900406	68.28583599	424.275
32.41101109	68.39711868	427.715
32.26610344	67.77393565	423.45
30.79770591	67.96311621	430.19
30.14079123	69.36945111	435.815
30.16977276	68.89371765	439.78
30.09248868	69.30407254	439.79
30.58517469	70.40994419	444.025
31.29039192	68.80608253	444.335
31.62850977	65.06002924	448.095
31.58020722	65.75276393	446.53
31.90866457	64.66914881	444.535
31.68647283	62.61320126	443.88
31.81205947	63.33653869	443.055
32.18881936	64.63854608	451.66
32.49795568	65.69851363	449.195
31.67681232	65.01829823	451.555
31.62850977	68.24966912	443.25
31.34835498	68.03544996	443.42
31.40631804	66.98243758	438.615
31.6574913	67.6348323	439.085
32.14051681	67.15214367	438.195
32.15017732	66.31752355	437.955
32.43999262	67.87687213	443.5
32.76844996	68.0994375	443.995
32.7104869	67.24395188	438.045
32.72980792	67.1910926	436.175
32.16949834	67.84766043	432.87
31.88934355	66.9003666	426.835
31.94730661	67.68630054	427.93
32.6138818	68.11056577	434.12
32.97132067	68.5515234	435.995
33.28045699	69.00082723	438.055
33.31909903	69.36806008	441.005
33.46400668	69.70608123	449.015
33.73450096	70.17764159	444.395
33.773143	70.78830531	505.705
33.80212453	72.52292413	501.65
33.40604362	72.31566013	503.5
32.6138818	73.0236962	515.705
32.57523976	73.9904645	512.775
34.51700227	73.16279955	507.6
34.36243411	73.70808469	507.5
34.31413156	71.87192043	518.12
34.33345258	73.01535	515.21
34.20786595	72.70932262	515.29
34.32379207	72.33791667	513.52
34.71987298	73.2726912	513.055
35.39610868	73.09185684	510.76
36.88382722	72.88598388	511.375
36.22691254	71.70647677	503.975
36.49740682	72.83561347	508.015
36.31385713	72.62433758	505.295
36.0916654	72.75865867	505.89
36.8645062	72.84540771	516.235
36.72925906	73.8989888	517.615
36.55536988	73.45544935	516.78
35.93709724	72.5655721	515.775
35.76320806	72.69429648	512.6
36.09416861	72.05767046	511.155
36.4056609	72.91676579	517.035
36.57114118	72.72927593	515.945
36.63928011	73.28055209	522.965
36.35699023	74.6321581	529.205
36.60034358	76.38952576	531.555
37.11625268	77.80409478	529.795
37.42774496	77.1268926	527.24
37.29146709	79.2382523	526.63
37.90471752	79.0535608	529.09
36.98970893	79.45932244	528.67
37.34013776	78.35677012	534.935
37.68083244	79.25364326	539.07
37.09678441	79.13051559	542.33
36.61007771	78.54425998	538.645
36.23044649	78.42952738	534.98
35.71453739	77.57462958	530.395
35.90922007	78.00417725	536.49
35.54905711	77.65298355	534.93
35.60746192	77.06253041	542.375
35.2862355	76.17964905	543.11
35.82161286	76.81767425	550.31
35.64639845	79.76574243	557.55
36.09416861	79.42714134	555.92
